return {
    ['Metadata'] = {['Length'] = 6.333333492279053, ['Frames'] = 393},
    [1] = {T = 2.0166659355163574, P = {
        ['Left Shoulder'] = CFrame.new(0.328,-0.365,-0.151,0.652,0.729,-0.209,-0.675,0.683,0.280,0.347,-0.041,0.937),
        ['Right Shoulder'] = CFrame.new(-0.533,-0.268,-0.153,0.806,-0.592,0.007,0.573,0.783,0.242,-0.149,-0.191,0.970),
        ['Neck'] = CFrame.new(0.000,-0.000,0.017,1.000,0.003,0.004,-0.002,0.992,-0.126,-0.004,0.126,0.992),
        ['Right Hip'] = CFrame.new(0.516,0.169,-0.002,0.999,0.051,-0.003,-0.051,0.999,-0.001,0.003,0.001,1.000),
        ['Left Hip'] = CFrame.new(-0.588,0.880,-0.007,0.986,0.166,-0.003,-0.166,0.986,0.001,0.003,-0.000,1.000),
        ['RootJoint'] = CFrame.new(-0.034,-0.114,-0.212,1.000,-0.003,0.001,0.003,0.972,-0.236,0.000,0.236,0.972),
    }},
    [2] = {T = 2.0166659355163574, P = {
        ['Left Shoulder'] = CFrame.new(0.328,-0.365,-0.151,0.652,0.729,-0.209,-0.675,0.683,0.280,0.347,-0.041,0.937),
        ['Right Shoulder'] = CFrame.new(-0.533,-0.268,-0.153,0.806,-0.592,0.007,0.573,0.783,0.242,-0.149,-0.191,0.970),
        ['Neck'] = CFrame.new(0.000,-0.000,0.017,1.000,0.003,0.004,-0.002,0.992,-0.126,-0.004,0.126,0.992),
        ['Right Hip'] = CFrame.new(0.516,0.169,-0.002,0.999,0.051,-0.003,-0.051,0.999,-0.001,0.003,0.001,1.000),
        ['Left Hip'] = CFrame.new(-0.588,0.880,-0.007,0.986,0.166,-0.003,-0.166,0.986,0.001,0.003,-0.000,1.000),
        ['RootJoint'] = CFrame.new(-0.034,-0.114,-0.212,1.000,-0.003,0.001,0.003,0.972,-0.236,0.000,0.236,0.972),
    }},
    [3] = {T = 2.033332586288452, P = {
        ['Left Shoulder'] = CFrame.new(0.411,-0.298,-0.157,0.746,0.649,-0.151,-0.604,0.754,0.256,0.280,-0.099,0.955),
        ['Right Shoulder'] = CFrame.new(-0.616,-0.240,-0.160,0.864,-0.500,-0.055,0.499,0.836,0.229,-0.069,-0.225,0.972),
        ['Neck'] = CFrame.new(0.000,-0.000,0.017,1.000,-0.000,0.006,0.001,0.992,-0.129,-0.006,0.129,0.992),
        ['Right Hip'] = CFrame.new(0.454,0.140,-0.004,1.000,0.015,0.001,-0.015,1.000,0.000,-0.001,-0.000,1.000),
        ['Left Hip'] = CFrame.new(-0.530,0.879,-0.004,0.971,0.240,0.001,-0.240,0.971,-0.000,-0.001,-0.000,1.000),
        ['RootJoint'] = CFrame.new(-0.035,-0.115,-0.175,1.000,0.001,-0.000,-0.001,0.972,-0.235,-0.000,0.235,0.972),
    }},
    [4] = {T = 2.049999237060547, P = {
        ['Left Shoulder'] = CFrame.new(0.480,-0.227,-0.162,0.836,0.544,-0.072,-0.515,0.823,0.242,0.191,-0.166,0.968),
        ['Right Shoulder'] = CFrame.new(-0.686,-0.209,-0.165,0.910,-0.395,-0.126,0.414,0.883,0.220,0.024,-0.253,0.967),
        ['Neck'] = CFrame.new(0.000,-0.000,0.017,1.000,-0.004,0.008,0.005,0.991,-0.131,-0.008,0.131,0.991),
        ['Right Hip'] = CFrame.new(0.403,0.119,-0.006,1.000,-0.018,0.005,0.018,1.000,0.001,-0.005,-0.001,1.000),
        ['Left Hip'] = CFrame.new(-0.489,0.868,-0.001,0.955,0.295,0.005,-0.295,0.955,-0.001,-0.005,-0.001,1.000),
        ['RootJoint'] = CFrame.new(-0.035,-0.113,-0.137,1.000,0.005,-0.001,-0.005,0.973,-0.232,-0.000,0.232,0.973),
    }},
    [5] = {T = 2.0666658878326416, P = {
        ['Left Shoulder'] = CFrame.new(0.522,-0.160,-0.166,0.909,0.417,0.028,-0.410,0.878,0.245,0.077,-0.234,0.969),
        ['Right Shoulder'] = CFrame.new(-0.733,-0.175,-0.170,0.937,-0.281,-0.206,0.323,0.921,0.216,0.130,-0.269,0.954),
        ['Neck'] = CFrame.new(0.000,-0.000,0.017,1.000,-0.008,0.011,0.009,0.991,-0.132,-0.010,0.132,0.991),
        ['Right Hip'] = CFrame.new(0.393,0.117,-0.008,0.999,-0.033,0.010,0.033,0.999,0.002,-0.010,-0.002,1.000),
        ['Left Hip'] = CFrame.new(-0.470,0.864,0.002,0.948,0.319,0.010,-0.319,0.948,-0.002,-0.010,-0.001,1.000),
        ['RootJoint'] = CFrame.new(-0.036,-0.106,-0.103,1.000,0.010,-0.002,-0.010,0.973,-0.230,-0.000,0.230,0.973),
    }},
    [6] = {T = 2.0833325386047363, P = {
        ['Left Shoulder'] = CFrame.new(0.529,-0.104,-0.169,0.952,0.271,0.143,-0.301,0.915,0.268,-0.059,-0.298,0.953),
        ['Right Shoulder'] = CFrame.new(-0.752,-0.138,-0.172,0.942,-0.162,-0.295,0.231,0.949,0.216,0.245,-0.271,0.931),
        ['Neck'] = CFrame.new(0.000,-0.000,0.017,1.000,-0.012,0.013,0.013,0.991,-0.130,-0.011,0.130,0.991),
        ['Right Hip'] = CFrame.new(0.441,0.145,-0.010,1.000,-0.020,0.014,0.020,1.000,0.003,-0.014,-0.003,1.000),
        ['Left Hip'] = CFrame.new(-0.476,0.876,0.005,0.953,0.302,0.014,-0.302,0.953,-0.003,-0.015,-0.002,1.000),
        ['RootJoint'] = CFrame.new(-0.037,-0.094,-0.081,1.000,0.014,-0.003,-0.015,0.974,-0.227,-0.000,0.227,0.974),
    }},
    [7] = {T = 2.099999189376831, P = {
        ['Left Shoulder'] = CFrame.new(0.505,-0.060,-0.170,0.958,0.113,0.262,-0.195,0.930,0.311,-0.209,-0.349,0.913),
        ['Right Shoulder'] = CFrame.new(-0.746,-0.102,-0.173,0.921,-0.044,-0.387,0.139,0.965,0.221,0.364,-0.258,0.895),
        ['Neck'] = CFrame.new(0.000,-0.000,0.017,1.000,-0.016,0.015,0.018,0.992,-0.127,-0.013,0.127,0.992),
        ['Right Hip'] = CFrame.new(0.518,0.194,-0.014,1.000,0.005,0.019,-0.005,1.000,0.004,-0.019,-0.004,1.000),
        ['Left Hip'] = CFrame.new(-0.506,0.897,0.008,0.968,0.252,0.019,-0.252,0.968,-0.004,-0.019,-0.001,1.000),
        ['RootJoint'] = CFrame.new(-0.038,-0.078,-0.068,1.000,0.019,-0.004,-0.019,0.974,-0.225,-0.001,0.225,0.974),
    }},
    [8] = {T = 2.116665840148926, P = {
        ['Left Shoulder'] = CFrame.new(0.458,-0.029,-0.169,0.927,-0.047,0.372,-0.102,0.923,0.370,-0.360,-0.381,0.851),
        ['Right Shoulder'] = CFrame.new(-0.720,-0.068,-0.173,0.877,0.069,-0.475,0.051,0.971,0.235,0.477,-0.230,0.848),
        ['Neck'] = CFrame.new(0.000,-0.000,0.017,1.000,-0.020,0.017,0.022,0.992,-0.122,-0.015,0.123,0.992),
        ['Right Hip'] = CFrame.new(0.597,0.255,-0.018,0.999,0.032,0.023,-0.032,0.999,0.005,-0.023,-0.005,1.000),
        ['Left Hip'] = CFrame.new(-0.559,0.909,0.012,0.985,0.174,0.023,-0.174,0.985,-0.005,-0.024,0.000,1.000),
        ['RootJoint'] = CFrame.new(-0.038,-0.063,-0.063,1.000,0.023,-0.005,-0.023,0.975,-0.221,-0.001,0.221,0.975),
    }},
    [9] = {T = 2.1374990940093994, P = {
        ['Left Shoulder'] = CFrame.new(0.376,-0.007,-0.165,0.849,-0.227,0.478,-0.016,0.891,0.453,-0.529,-0.392,0.753),
        ['Right Shoulder'] = CFrame.new(-0.664,-0.032,-0.171,0.800,0.196,-0.568,-0.049,0.964,0.263,0.598,-0.182,0.780),
        ['Neck'] = CFrame.new(0.000,0.000,0.017,0.999,-0.026,0.020,0.028,0.993,-0.116,-0.016,0.117,0.993),
        ['Right Hip'] = CFrame.new(0.678,0.338,-0.024,0.998,0.060,0.028,-0.060,0.998,0.006,-0.028,-0.007,1.000),
        ['Left Hip'] = CFrame.new(-0.654,0.883,0.018,0.998,0.051,0.028,-0.051,0.999,-0.005,-0.028,0.004,1.000),
        ['RootJoint'] = CFrame.new(-0.039,-0.052,-0.064,1.000,0.028,-0.005,-0.028,0.976,-0.216,-0.001,0.217,0.976),
    }},
    [10] = {T = 2.1499991416931152, P = {
        ['Left Shoulder'] = CFrame.new(0.321,-0.001,-0.162,0.789,-0.322,0.523,0.020,0.864,0.503,-0.614,-0.386,0.688),
        ['Right Shoulder'] = CFrame.new(-0.624,-0.014,-0.169,0.745,0.263,-0.612,-0.103,0.953,0.285,0.659,-0.149,0.737),
        ['Neck'] = CFrame.new(0.000,0.000,0.017,0.999,-0.030,0.021,0.032,0.993,-0.112,-0.017,0.113,0.993),
        ['Right Hip'] = CFrame.new(0.718,0.385,-0.027,0.997,0.075,0.031,-0.075,0.997,0.006,-0.030,-0.008,1.000),
        ['Left Hip'] = CFrame.new(-0.718,0.844,0.022,0.999,-0.028,0.031,0.028,1.000,-0.006,-0.030,0.007,1.000),
        ['RootJoint'] = CFrame.new(-0.039,-0.051,-0.066,1.000,0.031,-0.006,-0.031,0.977,-0.213,-0.001,0.213,0.977),
    }},
    [11] = {T = 2.16666579246521, P = {
        ['Left Shoulder'] = CFrame.new(0.247,-0.003,-0.157,0.712,-0.421,0.562,0.046,0.827,0.560,-0.700,-0.373,0.609),
        ['Right Shoulder'] = CFrame.new(-0.564,0.002,-0.165,0.675,0.341,-0.654,-0.163,0.934,0.318,0.720,-0.108,0.686),
        ['Neck'] = CFrame.new(0.000,0.000,0.017,0.999,-0.034,0.022,0.036,0.993,-0.108,-0.018,0.109,0.994),
        ['Right Hip'] = CFrame.new(0.758,0.439,-0.031,0.995,0.093,0.034,-0.094,0.996,0.007,-0.033,-0.010,0.999),
        ['Left Hip'] = CFrame.new(-0.798,0.754,0.027,0.992,-0.125,0.034,0.125,0.992,-0.006,-0.033,0.010,0.999),
        ['RootJoint'] = CFrame.new(-0.040,-0.059,-0.071,0.999,0.034,-0.006,-0.034,0.978,-0.208,-0.001,0.208,0.978),
    }},
    [12] = {T = 2.1833324432373047, P = {
        ['Left Shoulder'] = CFrame.new(0.179,-0.015,-0.151,0.653,-0.487,0.581,0.056,0.795,0.604,-0.756,-0.362,0.546),
        ['Right Shoulder'] = CFrame.new(-0.502,0.008,-0.162,0.614,0.407,-0.676,-0.213,0.910,0.355,0.760,-0.074,0.646),
        ['Neck'] = CFrame.new(0.000,0.000,0.017,0.999,-0.038,0.023,0.041,0.994,-0.104,-0.019,0.105,0.994),
        ['Right Hip'] = CFrame.new(0.784,0.485,-0.035,0.994,0.105,0.036,-0.105,0.994,0.007,-0.035,-0.011,0.999),
        ['Left Hip'] = CFrame.new(-0.851,0.639,0.030,0.979,-0.201,0.036,0.201,0.980,-0.007,-0.034,0.014,0.999),
        ['RootJoint'] = CFrame.new(-0.040,-0.073,-0.077,0.999,0.036,-0.007,-0.037,0.979,-0.203,-0.001,0.203,0.979),
    }},
    [13] = {T = 2.1999990940093994, P = {
        ['Left Shoulder'] = CFrame.new(0.123,-0.037,-0.144,0.621,-0.521,0.585,0.054,0.774,0.631,-0.782,-0.361,0.509),
        ['Right Shoulder'] = CFrame.new(-0.442,0.002,-0.158,0.572,0.463,-0.677,-0.251,0.885,0.392,0.781,-0.054,0.622),
        ['Neck'] = CFrame.new(0.000,0.000,0.017,0.999,-0.043,0.024,0.045,0.994,-0.098,-0.019,0.099,0.995),
        ['Right Hip'] = CFrame.new(0.795,0.526,-0.037,0.994,0.102,0.038,-0.102,0.995,0.007,-0.037,-0.011,0.999),
        ['Left Hip'] = CFrame.new(-0.866,0.521,0.032,0.968,-0.248,0.038,0.248,0.969,-0.007,-0.035,0.016,0.999),
        ['RootJoint'] = CFrame.new(-0.040,-0.090,-0.086,0.999,0.038,-0.007,-0.039,0.979,-0.199,-0.001,0.199,0.980),
    }},
    [14] = {T = 2.216665744781494, P = {
        ['Left Shoulder'] = CFrame.new(0.087,-0.067,-0.138,0.628,-0.519,0.580,0.043,0.767,0.640,-0.777,-0.377,0.504),
        ['Right Shoulder'] = CFrame.new(-0.390,-0.018,-0.155,0.555,0.510,-0.657,-0.281,0.858,0.430,0.783,-0.054,0.620),
        ['Neck'] = CFrame.new(0.000,0.000,0.017,0.999,-0.047,0.024,0.049,0.995,-0.091,-0.020,0.092,0.996),
        ['Right Hip'] = CFrame.new(0.786,0.567,-0.038,0.996,0.075,0.039,-0.075,0.997,0.008,-0.038,-0.011,0.999),
        ['Left Hip'] = CFrame.new(-0.843,0.417,0.031,0.964,-0.262,0.039,0.263,0.965,-0.007,-0.036,0.017,0.999),
        ['RootJoint'] = CFrame.new(-0.041,-0.104,-0.099,0.999,0.039,-0.007,-0.040,0.979,-0.199,-0.001,0.199,0.980),
    }},
    [15] = {T = 2.233332395553589, P = {
        ['Left Shoulder'] = CFrame.new(0.077,-0.106,-0.132,0.677,-0.475,0.563,0.025,0.778,0.628,-0.736,-0.411,0.538),
        ['Right Shoulder'] = CFrame.new(-0.348,-0.054,-0.153,0.569,0.550,-0.612,-0.303,0.832,0.465,0.765,-0.079,0.640),
        ['Neck'] = CFrame.new(0.000,0.000,0.017,0.998,-0.050,0.024,0.052,0.995,-0.080,-0.020,0.082,0.996),
        ['Right Hip'] = CFrame.new(0.750,0.606,-0.037,0.999,0.014,0.039,-0.015,1.000,0.008,-0.039,-0.008,0.999),
        ['Left Hip'] = CFrame.new(-0.792,0.336,0.029,0.968,-0.246,0.039,0.247,0.969,-0.007,-0.036,0.017,0.999),
        ['RootJoint'] = CFrame.new(-0.041,-0.111,-0.117,0.999,0.039,-0.007,-0.040,0.979,-0.202,-0.001,0.202,0.979),
    }},
    [16] = {T = 2.2499990463256836, P = {
        ['Left Shoulder'] = CFrame.new(0.099,-0.153,-0.126,0.762,-0.381,0.523,-0.005,0.805,0.594,-0.647,-0.455,0.611),
        ['Right Shoulder'] = CFrame.new(-0.321,-0.106,-0.151,0.613,0.577,-0.540,-0.321,0.806,0.497,0.722,-0.131,0.679),
        ['Neck'] = CFrame.new(0.000,0.000,0.017,0.998,-0.054,0.023,0.055,0.996,-0.066,-0.019,0.068,0.998),
        ['Right Hip'] = CFrame.new(0.683,0.633,-0.034,0.996,-0.085,0.038,0.085,0.996,0.008,-0.039,-0.005,0.999),
        ['Left Hip'] = CFrame.new(-0.722,0.280,0.025,0.978,-0.204,0.038,0.205,0.979,-0.007,-0.036,0.015,0.999),
        ['RootJoint'] = CFrame.new(-0.041,-0.107,-0.139,0.999,0.038,-0.007,-0.039,0.977,-0.211,-0.001,0.211,0.977),
    }},
    [17] = {T = 2.2666656970977783, P = {
        ['Left Shoulder'] = CFrame.new(0.143,-0.203,-0.119,0.857,-0.244,0.454,-0.051,0.836,0.546,-0.513,-0.491,0.704),
        ['Right Shoulder'] = CFrame.new(-0.305,-0.168,-0.149,0.677,0.586,-0.445,-0.335,0.784,0.523,0.656,-0.205,0.727),
        ['Neck'] = CFrame.new(0.000,-0.000,0.017,0.998,-0.057,0.022,0.058,0.997,-0.050,-0.019,0.051,0.998),
        ['Right Hip'] = CFrame.new(0.597,0.636,-0.029,0.978,-0.207,0.037,0.207,0.978,0.008,-0.037,0.000,0.999),
        ['Left Hip'] = CFrame.new(-0.645,0.238,0.020,0.989,-0.147,0.037,0.147,0.989,-0.007,-0.035,0.013,0.999),
        ['RootJoint'] = CFrame.new(-0.041,-0.096,-0.163,0.999,0.037,-0.007,-0.037,0.974,-0.222,-0.001,0.223,0.975),
    }},
    [18] = {T = 2.283332347869873, P = {
        ['Left Shoulder'] = CFrame.new(0.196,-0.250,-0.112,0.930,-0.084,0.357,-0.113,0.861,0.496,-0.349,-0.501,0.792),
        ['Right Shoulder'] = CFrame.new(-0.294,-0.232,-0.148,0.748,0.570,-0.339,-0.341,0.769,0.541,0.569,-0.289,0.769),
        ['Neck'] = CFrame.new(0.000,-0.000,0.017,0.998,-0.060,0.021,0.061,0.998,-0.034,-0.019,0.036,0.999),
        ['Right Hip'] = CFrame.new(0.510,0.613,-0.025,0.943,-0.330,0.034,0.330,0.944,0.007,-0.035,0.004,0.999),
        ['Left Hip'] = CFrame.new(-0.566,0.204,0.016,0.996,-0.085,0.034,0.085,0.996,-0.007,-0.034,0.010,0.999),
        ['RootJoint'] = CFrame.new(-0.040,-0.083,-0.183,0.999,0.034,-0.007,-0.035,0.971,-0.235,-0.001,0.235,0.972),
    }},
    [19] = {T = 2.2999989986419678, P = {
        ['Left Shoulder'] = CFrame.new(0.246,-0.291,-0.105,0.966,0.073,0.249,-0.183,0.872,0.454,-0.184,-0.484,0.856),
        ['Right Shoulder'] = CFrame.new(-0.282,-0.290,-0.147,0.817,0.528,-0.234,-0.335,0.764,0.552,0.470,-0.372,0.801),
        ['Neck'] = CFrame.new(0.000,0.000,0.017,0.998,-0.063,0.019,0.063,0.998,-0.021,-0.018,0.022,1.000),
        ['Right Hip'] = CFrame.new(0.436,0.578,-0.020,0.902,-0.432,0.031,0.432,0.902,0.007,-0.031,0.007,0.999),
        ['Left Hip'] = CFrame.new(-0.494,0.173,0.012,0.999,-0.030,0.031,0.030,1.000,-0.007,-0.031,0.008,0.999),
        ['RootJoint'] = CFrame.new(-0.040,-0.074,-0.195,0.999,0.031,-0.007,-0.032,0.969,-0.245,-0.001,0.245,0.969),
    }},
    [20] = {T = 2.3166656494140625, P = {
        ['Left Shoulder'] = CFrame.new(0.281,-0.319,-0.099,0.967,0.207,0.148,-0.251,0.869,0.426,-0.040,-0.449,0.893),
        ['Right Shoulder'] = CFrame.new(-0.264,-0.336,-0.145,0.877,0.459,-0.140,-0.314,0.770,0.555,0.363,-0.443,0.820),
        ['Neck'] = CFrame.new(0.000,0.000,0.017,0.998,-0.066,0.017,0.066,0.998,-0.012,-0.017,0.014,1.000),
        ['Right Hip'] = CFrame.new(0.390,0.558,-0.017,0.868,-0.496,0.027,0.496,0.868,0.006,-0.027,0.008,1.000),
        ['Left Hip'] = CFrame.new(-0.435,0.145,0.008,1.000,0.008,0.027,-0.008,1.000,-0.006,-0.027,0.006,1.000),
        ['RootJoint'] = CFrame.new(-0.039,-0.072,-0.195,1.000,0.027,-0.006,-0.028,0.967,-0.252,-0.001,0.252,0.968),
    }},
    [21] = {T = 2.3333323001861572, P = {
        ['Left Shoulder'] = CFrame.new(0.302,-0.337,-0.094,0.947,0.316,0.062,-0.313,0.857,0.410,0.076,-0.407,0.910),
        ['Right Shoulder'] = CFrame.new(-0.242,-0.370,-0.142,0.928,0.367,-0.060,-0.275,0.786,0.554,0.250,-0.498,0.830),
        ['Neck'] = CFrame.new(0.000,-0.000,0.017,0.997,-0.069,0.015,0.070,0.998,-0.008,-0.015,0.009,1.000),
        ['Right Hip'] = CFrame.new(0.370,0.565,-0.015,0.852,-0.524,0.023,0.524,0.852,0.005,-0.023,0.008,1.000),
        ['Left Hip'] = CFrame.new(-0.395,0.124,0.005,0.999,0.028,0.023,-0.028,1.000,-0.005,-0.024,0.004,1.000),
        ['RootJoint'] = CFrame.new(-0.039,-0.076,-0.184,1.000,0.023,-0.005,-0.024,0.967,-0.255,-0.001,0.255,0.967),
    }},
    [22] = {T = 2.349998950958252, P = {
        ['Left Shoulder'] = CFrame.new(0.310,-0.345,-0.090,0.914,0.406,-0.008,-0.368,0.838,0.403,0.170,-0.365,0.915),
        ['Right Shoulder'] = CFrame.new(-0.216,-0.393,-0.140,0.967,0.255,0.009,-0.217,0.805,0.552,0.134,-0.535,0.834),
        ['Neck'] = CFrame.new(0.000,-0.000,0.017,0.997,-0.073,0.013,0.073,0.997,-0.009,-0.013,0.010,1.000),
        ['Right Hip'] = CFrame.new(0.370,0.597,-0.013,0.853,-0.521,0.019,0.521,0.854,0.004,-0.019,0.006,1.000),
        ['Left Hip'] = CFrame.new(-0.379,0.112,0.003,0.999,0.028,0.019,-0.028,1.000,-0.004,-0.019,0.004,1.000),
        ['RootJoint'] = CFrame.new(-0.038,-0.085,-0.167,1.000,0.019,-0.004,-0.019,0.967,-0.254,-0.001,0.254,0.967),
    }},
    [23] = {T = 2.3666656017303467, P = {
        ['Left Shoulder'] = CFrame.new(0.307,-0.346,-0.087,0.875,0.479,-0.064,-0.417,0.815,0.402,0.245,-0.325,0.913),
        ['Right Shoulder'] = CFrame.new(-0.188,-0.406,-0.136,0.990,0.126,0.066,-0.141,0.824,0.548,0.014,-0.552,0.834),
        ['Neck'] = CFrame.new(0.000,-0.000,0.017,0.997,-0.078,0.011,0.078,0.997,-0.013,-0.010,0.014,1.000),
        ['Right Hip'] = CFrame.new(0.387,0.643,-0.011,0.870,-0.493,0.014,0.493,0.870,0.003,-0.014,0.004,1.000),
        ['Left Hip'] = CFrame.new(-0.389,0.110,0.001,1.000,0.010,0.014,-0.010,1.000,-0.003,-0.014,0.003,1.000),
        ['RootJoint'] = CFrame.new(-0.037,-0.094,-0.146,1.000,0.014,-0.003,-0.015,0.968,-0.249,-0.001,0.249,0.968),
    }},
    [24] = {T = 2.3833322525024414, P = {
        ['Left Shoulder'] = CFrame.new(0.295,-0.340,-0.085,0.834,0.541,-0.107,-0.460,0.790,0.405,0.304,-0.289,0.908),
        ['Right Shoulder'] = CFrame.new(-0.159,-0.412,-0.132,0.993,-0.015,0.113,-0.049,0.837,0.545,-0.103,-0.547,0.831),
        ['Neck'] = CFrame.new(0.000,0.000,0.017,0.997,-0.083,0.008,0.083,0.996,-0.022,-0.007,0.022,1.000),
        ['Right Hip'] = CFrame.new(0.416,0.691,-0.009,0.896,-0.444,0.010,0.444,0.896,0.002,-0.010,0.002,1.000),
        ['Left Hip'] = CFrame.new(-0.423,0.117,-0.000,1.000,-0.021,0.010,0.021,1.000,-0.002,-0.010,0.002,1.000),
        ['RootJoint'] = CFrame.new(-0.036,-0.102,-0.123,1.000,0.010,-0.002,-0.010,0.970,-0.241,-0.000,0.241,0.970),
    }},
    [25] = {T = 2.399998903274536, P = {
        ['Left Shoulder'] = CFrame.new(0.276,-0.331,-0.085,0.793,0.593,-0.139,-0.499,0.763,0.411,0.350,-0.257,0.901),
        ['Right Shoulder'] = CFrame.new(-0.130,-0.411,-0.128,0.975,-0.162,0.151,0.056,0.839,0.541,-0.215,-0.519,0.828),
        ['Neck'] = CFrame.new(0.000,-0.000,0.017,0.996,-0.089,0.006,0.089,0.995,-0.033,-0.003,0.034,0.999),
        ['Right Hip'] = CFrame.new(0.459,0.728,-0.007,0.926,-0.378,0.005,0.378,0.926,0.001,-0.005,0.001,1.000),
        ['Left Hip'] = CFrame.new(-0.473,0.131,-0.002,0.998,-0.060,0.005,0.060,0.998,-0.001,-0.005,0.001,1.000),
        ['RootJoint'] = CFrame.new(-0.035,-0.106,-0.103,1.000,0.005,-0.001,-0.005,0.973,-0.230,-0.000,0.230,0.973),
    }},
    [26] = {T = 2.416665554046631, P = {
        ['Left Shoulder'] = CFrame.new(0.251,-0.319,-0.086,0.752,0.639,-0.162,-0.534,0.735,0.418,0.386,-0.228,0.894),
        ['Right Shoulder'] = CFrame.new(-0.102,-0.405,-0.124,0.935,-0.306,0.180,0.168,0.828,0.536,-0.313,-0.470,0.825),
        ['Neck'] = CFrame.new(0.000,-0.000,0.017,0.995,-0.096,0.002,0.096,0.994,-0.048,0.002,0.048,0.999),
        ['Right Hip'] = CFrame.new(0.516,0.742,-0.004,0.955,-0.296,0.000,0.296,0.955,0.000,-0.000,0.000,1.000),
        ['Left Hip'] = CFrame.new(-0.533,0.152,-0.004,0.995,-0.099,0.000,0.099,0.995,-0.000,-0.000,0.000,1.000),
        ['RootJoint'] = CFrame.new(-0.035,-0.105,-0.088,1.000,0.000,-0.000,-0.000,0.976,-0.216,-0.000,0.216,0.976),
    }},
    [27] = {T = 2.4333322048187256, P = {
        ['Left Shoulder'] = CFrame.new(0.222,-0.307,-0.088,0.713,0.678,-0.177,-0.566,0.706,0.425,0.414,-0.202,0.888),
        ['Right Shoulder'] = CFrame.new(-0.078,-0.396,-0.120,0.875,-0.441,0.202,0.281,0.800,0.529,-0.395,-0.406,0.824),
        ['Neck'] = CFrame.new(0.000,-0.000,0.017,0.995,-0.104,-0.001,0.104,0.993,-0.064,0.007,0.063,0.998),
        ['Right Hip'] = CFrame.new(0.583,0.721,-0.001,0.979,-0.202,-0.004,0.202,0.979,-0.001,0.004,-0.000,1.000),
        ['Left Hip'] = CFrame.new(-0.591,0.180,-0.006,0.992,-0.129,-0.004,0.129,0.992,0.001,0.004,-0.001,1.000),
        ['RootJoint'] = CFrame.new(-0.034,-0.099,-0.078,1.000,-0.004,0.001,0.004,0.980,-0.200,0.000,0.200,0.980),
    }},
    [28] = {T = 2.4499988555908203, P = {
        ['Left Shoulder'] = CFrame.new(0.191,-0.296,-0.090,0.675,0.714,-0.188,-0.596,0.677,0.431,0.435,-0.179,0.883),
        ['Right Shoulder'] = CFrame.new(-0.057,-0.384,-0.116,0.801,-0.558,0.216,0.389,0.760,0.520,-0.455,-0.333,0.826),
        ['Neck'] = CFrame.new(0.000,0.000,0.017,0.993,-0.114,-0.004,0.113,0.991,-0.077,0.013,0.076,0.997),
        ['Right Hip'] = CFrame.new(0.649,0.667,0.002,0.994,-0.106,-0.008,0.106,0.994,-0.001,0.008,0.001,1.000),
        ['Left Hip'] = CFrame.new(-0.642,0.214,-0.009,0.989,-0.148,-0.008,0.148,0.989,0.001,0.008,-0.003,1.000),
        ['RootJoint'] = CFrame.new(-0.033,-0.093,-0.073,1.000,-0.008,0.001,0.008,0.982,-0.187,0.000,0.187,0.982),
    }},
    [29] = {T = 2.466665506362915, P = {
        ['Left Shoulder'] = CFrame.new(0.160,-0.289,-0.093,0.638,0.745,-0.195,-0.624,0.649,0.435,0.451,-0.156,0.879),
        ['Right Shoulder'] = CFrame.new(-0.042,-0.371,-0.112,0.721,-0.655,0.226,0.486,0.711,0.509,-0.494,-0.257,0.831),
        ['Neck'] = CFrame.new(0.000,-0.000,0.017,0.992,-0.125,-0.008,0.124,0.989,-0.086,0.019,0.084,0.996),
        ['Right Hip'] = CFrame.new(0.699,0.586,0.005,1.000,-0.018,-0.012,0.018,1.000,-0.002,0.012,0.002,1.000),
        ['Left Hip'] = CFrame.new(-0.684,0.256,-0.012,0.988,-0.153,-0.012,0.153,0.988,0.002,0.011,-0.004,1.000),
        ['RootJoint'] = CFrame.new(-0.033,-0.088,-0.072,1.000,-0.012,0.002,0.012,0.984,-0.177,0.000,0.177,0.984),
    }},
    [30] = {T = 2.4874987602233887, P = {
        ['Left Shoulder'] = CFrame.new(0.123,-0.287,-0.098,0.594,0.779,-0.202,-0.657,0.614,0.437,0.464,-0.127,0.877),
        ['Right Shoulder'] = CFrame.new(-0.034,-0.355,-0.110,0.628,-0.743,0.231,0.586,0.647,0.488,-0.512,-0.172,0.842),
        ['Neck'] = CFrame.new(0.000,0.000,0.017,0.990,-0.141,-0.013,0.140,0.986,-0.086,0.025,0.083,0.996),
        ['Right Hip'] = CFrame.new(0.720,0.468,0.008,0.998,0.059,-0.015,-0.059,0.998,-0.003,0.015,0.004,1.000),
        ['Left Hip'] = CFrame.new(-0.721,0.318,-0.016,0.990,-0.141,-0.015,0.141,0.990,0.003,0.015,-0.005,1.000),
        ['RootJoint'] = CFrame.new(-0.032,-0.090,-0.077,1.000,-0.015,0.003,0.016,0.984,-0.176,0.000,0.176,0.984),
    }},
    [31] = {T = 2.4999988079071045, P = {
        ['Left Shoulder'] = CFrame.new(0.103,-0.291,-0.102,0.568,0.797,-0.205,-0.676,0.594,0.436,0.470,-0.109,0.876),
        ['Right Shoulder'] = CFrame.new(-0.034,-0.345,-0.109,0.578,-0.782,0.232,0.635,0.610,0.474,-0.512,-0.127,0.850),
        ['Neck'] = CFrame.new(0.000,0.000,0.017,0.988,-0.152,-0.016,0.150,0.985,-0.080,0.028,0.077,0.997),
        ['Right Hip'] = CFrame.new(0.713,0.398,0.009,0.996,0.089,-0.017,-0.089,0.996,-0.003,0.017,0.004,1.000),
        ['Left Hip'] = CFrame.new(-0.737,0.359,-0.017,0.992,-0.126,-0.017,0.126,0.992,0.003,0.017,-0.005,1.000),
        ['RootJoint'] = CFrame.new(-0.032,-0.094,-0.082,1.000,-0.017,0.003,0.017,0.984,-0.180,0.000,0.180,0.984),
    }},
    [32] = {T = 2.516665458679199, P = {
        ['Left Shoulder'] = CFrame.new(0.081,-0.304,-0.106,0.535,0.818,-0.212,-0.699,0.570,0.432,0.474,-0.083,0.876),
        ['Right Shoulder'] = CFrame.new(-0.044,-0.335,-0.109,0.529,-0.817,0.229,0.686,0.571,0.451,-0.499,-0.081,0.863),
        ['Neck'] = CFrame.new(0.000,-0.000,0.017,0.986,-0.168,-0.020,0.167,0.984,-0.067,0.031,0.063,0.998),
        ['Right Hip'] = CFrame.new(0.679,0.318,0.009,0.994,0.104,-0.019,-0.104,0.995,-0.003,0.018,0.005,1.000),
        ['Left Hip'] = CFrame.new(-0.750,0.420,-0.019,0.994,-0.103,-0.019,0.103,0.995,0.004,0.018,-0.005,1.000),
        ['RootJoint'] = CFrame.new(-0.032,-0.103,-0.095,1.000,-0.019,0.003,0.019,0.982,-0.190,0.000,0.190,0.982),
    }},
    [33] = {T = 2.533332109451294, P = {
        ['Left Shoulder'] = CFrame.new(0.065,-0.328,-0.111,0.503,0.835,-0.223,-0.721,0.548,0.424,0.476,-0.053,0.878),
        ['Right Shoulder'] = CFrame.new(-0.065,-0.328,-0.111,0.503,-0.835,0.223,0.721,0.548,0.424,-0.476,-0.053,0.878),
        ['Neck'] = CFrame.new(0.000,-0.000,0.017,0.982,-0.187,-0.025,0.185,0.981,-0.051,0.034,0.046,0.998),
        ['Right Hip'] = CFrame.new(0.639,0.262,0.009,0.994,0.106,-0.020,-0.106,0.994,-0.004,0.019,0.006,1.000),
        ['Left Hip'] = CFrame.new(-0.762,0.486,-0.020,0.996,-0.085,-0.020,0.085,0.996,0.004,0.019,-0.005,1.000),
        ['RootJoint'] = CFrame.new(-0.031,-0.111,-0.117,1.000,-0.020,0.004,0.020,0.979,-0.202,0.000,0.202,0.979),
    }},
    [34] = {T = 2.5499987602233887, P = {
        ['Left Shoulder'] = CFrame.new(0.058,-0.362,-0.116,0.474,0.848,-0.237,-0.741,0.530,0.413,0.476,-0.020,0.879),
        ['Right Shoulder'] = CFrame.new(-0.100,-0.324,-0.115,0.502,-0.838,0.211,0.741,0.543,0.396,-0.446,-0.042,0.894),
        ['Neck'] = CFrame.new(0.000,-0.000,0.017,0.978,-0.207,-0.029,0.206,0.978,-0.036,0.036,0.029,0.999),
        ['Right Hip'] = CFrame.new(0.614,0.232,0.008,0.994,0.105,-0.019,-0.105,0.994,-0.004,0.019,0.006,1.000),
        ['Left Hip'] = CFrame.new(-0.775,0.555,-0.021,0.997,-0.076,-0.019,0.076,0.997,0.004,0.019,-0.005,1.000),
        ['RootJoint'] = CFrame.new(-0.031,-0.115,-0.148,1.000,-0.019,0.004,0.020,0.977,-0.213,0.000,0.213,0.977),
    }},
    [35] = {T = 2.5666654109954834, P = {
        ['Left Shoulder'] = CFrame.new(0.062,-0.400,-0.121,0.453,0.855,-0.252,-0.756,0.519,0.399,0.472,0.010,0.882),
        ['Right Shoulder'] = CFrame.new(-0.146,-0.322,-0.119,0.524,-0.830,0.194,0.746,0.557,0.365,-0.411,-0.046,0.910),
        ['Neck'] = CFrame.new(0.000,-0.000,0.017,0.973,-0.229,-0.034,0.228,0.973,-0.022,0.039,0.014,0.999),
        ['Right Hip'] = CFrame.new(0.607,0.222,0.007,0.994,0.107,-0.018,-0.108,0.994,-0.004,0.018,0.006,1.000),
        ['Left Hip'] = CFrame.new(-0.782,0.626,-0.020,0.997,-0.070,-0.018,0.070,0.998,0.004,0.018,-0.005,1.000),
        ['RootJoint'] = CFrame.new(-0.031,-0.116,-0.185,1.000,-0.018,0.004,0.019,0.975,-0.222,0.001,0.222,0.975),
    }},
    [36] = {T = 2.583332061767578, P = {
        ['Left Shoulder'] = CFrame.new(0.080,-0.433,-0.127,0.447,0.854,-0.265,-0.765,0.519,0.382,0.463,0.032,0.886),
        ['Right Shoulder'] = CFrame.new(-0.205,-0.320,-0.125,0.562,-0.809,0.171,0.739,0.585,0.335,-0.371,-0.062,0.927),
        ['Neck'] = CFrame.new(0.000,-0.000,0.017,0.967,-0.253,-0.040,0.253,0.967,-0.009,0.041,-0.002,0.999),
        ['Right Hip'] = CFrame.new(0.610,0.222,0.006,0.994,0.110,-0.017,-0.110,0.994,-0.003,0.016,0.005,1.000),
        ['Left Hip'] = CFrame.new(-0.778,0.696,-0.019,0.998,-0.058,-0.017,0.058,0.998,0.003,0.016,-0.004,1.000),
        ['RootJoint'] = CFrame.new(-0.032,-0.114,-0.219,1.000,-0.017,0.003,0.017,0.973,-0.228,0.000,0.228,0.974),
    }},
    [37] = {T = 2.599998712539673, P = {
        ['Left Shoulder'] = CFrame.new(0.115,-0.452,-0.133,0.461,0.845,-0.271,-0.765,0.533,0.361,0.449,0.041,0.893),
        ['Right Shoulder'] = CFrame.new(-0.274,-0.316,-0.132,0.615,-0.776,0.141,0.719,0.625,0.306,-0.326,-0.087,0.941),
        ['Neck'] = CFrame.new(0.000,-0.000,0.017,0.959,-0.279,-0.046,0.279,0.960,0.003,0.043,-0.016,0.999),
        ['Right Hip'] = CFrame.new(0.612,0.224,0.005,0.994,0.110,-0.014,-0.110,0.994,-0.003,0.014,0.004,1.000),
        ['Left Hip'] = CFrame.new(-0.756,0.763,-0.017,0.999,-0.032,-0.014,0.032,0.999,0.003,0.014,-0.003,1.000),
        ['RootJoint'] = CFrame.new(-0.032,-0.112,-0.243,1.000,-0.014,0.003,0.014,0.972,-0.233,0.000,0.233,0.972),
    }},
    [38] = {T = 2.6166653633117676, P = {
        ['Left Shoulder'] = CFrame.new(0.169,-0.449,-0.138,0.500,0.824,-0.266,-0.753,0.566,0.336,0.427,0.033,0.903),
        ['Right Shoulder'] = CFrame.new(-0.354,-0.306,-0.139,0.675,-0.730,0.104,0.684,0.673,0.280,-0.275,-0.118,0.954),
        ['Neck'] = CFrame.new(0.000,0.000,0.017,0.950,-0.306,-0.053,0.308,0.951,0.015,0.046,-0.030,0.998),
        ['Right Hip'] = CFrame.new(0.602,0.218,0.003,0.995,0.101,-0.011,-0.101,0.995,-0.002,0.011,0.003,1.000),
        ['Left Hip'] = CFrame.new(-0.714,0.821,-0.014,1.000,0.015,-0.011,-0.015,1.000,0.002,0.011,-0.002,1.000),
        ['RootJoint'] = CFrame.new(-0.033,-0.111,-0.252,1.000,-0.011,0.002,0.011,0.972,-0.236,0.000,0.236,0.972),
    }},
    [39] = {T = 2.6333320140838623, P = {
        ['Left Shoulder'] = CFrame.new(0.244,-0.418,-0.145,0.566,0.786,-0.247,-0.724,0.618,0.308,0.395,0.005,0.919),
        ['Right Shoulder'] = CFrame.new(-0.443,-0.290,-0.146,0.741,-0.669,0.060,0.636,0.727,0.259,-0.216,-0.154,0.964),
        ['Neck'] = CFrame.new(0.000,-0.000,0.017,0.940,-0.335,-0.061,0.337,0.941,0.026,0.049,-0.045,0.998),
        ['Right Hip'] = CFrame.new(0.568,0.198,0.000,0.997,0.081,-0.007,-0.081,0.997,-0.002,0.007,0.002,1.000),
        ['Left Hip'] = CFrame.new(-0.653,0.862,-0.010,0.996,0.085,-0.007,-0.085,0.996,0.002,0.007,-0.001,1.000),
        ['RootJoint'] = CFrame.new(-0.033,-0.112,-0.240,1.000,-0.007,0.001,0.008,0.972,-0.237,0.000,0.237,0.972),
    }},
    [40] = {T = 2.649998664855957, P = {
        ['Left Shoulder'] = CFrame.new(0.328,-0.365,-0.151,0.652,0.729,-0.209,-0.675,0.683,0.280,0.347,-0.041,0.937),
        ['Right Shoulder'] = CFrame.new(-0.533,-0.268,-0.153,0.806,-0.592,0.007,0.573,0.783,0.242,-0.149,-0.191,0.970),
        ['Neck'] = CFrame.new(0.000,-0.000,0.017,0.928,-0.365,-0.070,0.368,0.929,0.037,0.051,-0.060,0.997),
        ['Right Hip'] = CFrame.new(0.516,0.169,-0.002,0.999,0.051,-0.003,-0.051,0.999,-0.001,0.003,0.001,1.000),
        ['Left Hip'] = CFrame.new(-0.588,0.880,-0.007,0.986,0.166,-0.003,-0.166,0.986,0.001,0.003,-0.000,1.000),
        ['RootJoint'] = CFrame.new(-0.034,-0.114,-0.212,1.000,-0.003,0.001,0.003,0.972,-0.236,0.000,0.236,0.972),
    }},
    [41] = {T = 2.6666653156280518, P = {
        ['Left Shoulder'] = CFrame.new(0.411,-0.298,-0.157,0.746,0.649,-0.151,-0.604,0.754,0.256,0.280,-0.099,0.955),
        ['Right Shoulder'] = CFrame.new(-0.616,-0.240,-0.160,0.864,-0.500,-0.055,0.499,0.836,0.229,-0.069,-0.225,0.972),
        ['Neck'] = CFrame.new(0.000,-0.000,0.017,0.915,-0.396,-0.079,0.400,0.915,0.047,0.054,-0.075,0.996),
        ['Right Hip'] = CFrame.new(0.454,0.140,-0.004,1.000,0.015,0.001,-0.015,1.000,0.000,-0.001,-0.000,1.000),
        ['Left Hip'] = CFrame.new(-0.530,0.879,-0.004,0.971,0.240,0.001,-0.240,0.971,-0.000,-0.001,-0.000,1.000),
        ['RootJoint'] = CFrame.new(-0.035,-0.115,-0.175,1.000,0.001,-0.000,-0.001,0.972,-0.235,-0.000,0.235,0.972),
    }},
    [42] = {T = 2.6833319664001465, P = {
        ['Left Shoulder'] = CFrame.new(0.480,-0.227,-0.162,0.836,0.544,-0.072,-0.515,0.823,0.242,0.191,-0.166,0.968),
        ['Right Shoulder'] = CFrame.new(-0.686,-0.209,-0.165,0.910,-0.395,-0.126,0.414,0.883,0.220,0.024,-0.253,0.967),
        ['Neck'] = CFrame.new(0.000,-0.000,0.017,0.901,-0.425,-0.089,0.431,0.901,0.057,0.056,-0.090,0.994),
        ['Right Hip'] = CFrame.new(0.403,0.119,-0.006,1.000,-0.018,0.005,0.018,1.000,0.001,-0.005,-0.001,1.000),
        ['Left Hip'] = CFrame.new(-0.489,0.868,-0.001,0.955,0.295,0.005,-0.295,0.955,-0.001,-0.005,-0.001,1.000),
        ['RootJoint'] = CFrame.new(-0.035,-0.113,-0.137,1.000,0.005,-0.001,-0.005,0.973,-0.232,-0.000,0.232,0.973),
    }},
    [43] = {T = 2.699998617172241, P = {
        ['Left Shoulder'] = CFrame.new(0.522,-0.160,-0.166,0.909,0.417,0.028,-0.410,0.878,0.245,0.077,-0.234,0.969),
        ['Right Shoulder'] = CFrame.new(-0.733,-0.175,-0.170,0.937,-0.281,-0.206,0.323,0.921,0.216,0.130,-0.269,0.954),
        ['Neck'] = CFrame.new(0.000,-0.000,0.017,0.886,-0.453,-0.099,0.460,0.886,0.065,0.058,-0.104,0.993),
        ['Right Hip'] = CFrame.new(0.393,0.117,-0.008,0.999,-0.033,0.010,0.033,0.999,0.002,-0.010,-0.002,1.000),
        ['Left Hip'] = CFrame.new(-0.470,0.864,0.002,0.948,0.319,0.010,-0.319,0.948,-0.002,-0.010,-0.001,1.000),
        ['RootJoint'] = CFrame.new(-0.036,-0.106,-0.103,1.000,0.010,-0.002,-0.010,0.973,-0.230,-0.000,0.230,0.973),
    }},
    [44] = {T = 2.716665267944336, P = {
        ['Left Shoulder'] = CFrame.new(0.529,-0.104,-0.169,0.952,0.271,0.143,-0.301,0.915,0.268,-0.059,-0.298,0.953),
        ['Right Shoulder'] = CFrame.new(-0.752,-0.138,-0.172,0.942,-0.162,-0.295,0.231,0.949,0.216,0.245,-0.271,0.931),
        ['Neck'] = CFrame.new(0.000,-0.000,0.017,0.872,-0.478,-0.109,0.486,0.871,0.073,0.060,-0.116,0.991),
        ['Right Hip'] = CFrame.new(0.441,0.145,-0.010,1.000,-0.020,0.014,0.020,1.000,0.003,-0.014,-0.003,1.000),
        ['Left Hip'] = CFrame.new(-0.476,0.876,0.005,0.953,0.302,0.014,-0.302,0.953,-0.003,-0.015,-0.002,1.000),
        ['RootJoint'] = CFrame.new(-0.037,-0.094,-0.081,1.000,0.014,-0.003,-0.015,0.974,-0.227,-0.000,0.227,0.974),
    }},
    [45] = {T = 2.7333319187164307, P = {
        ['Left Shoulder'] = CFrame.new(0.505,-0.060,-0.170,0.958,0.113,0.262,-0.195,0.930,0.311,-0.209,-0.349,0.913),
        ['Right Shoulder'] = CFrame.new(-0.746,-0.102,-0.173,0.921,-0.044,-0.387,0.139,0.965,0.221,0.364,-0.258,0.895),
        ['Neck'] = CFrame.new(0.000,-0.000,0.017,0.859,-0.499,-0.117,0.509,0.857,0.078,0.062,-0.127,0.990),
        ['Right Hip'] = CFrame.new(0.518,0.193,-0.014,1.000,0.005,0.019,-0.005,1.000,0.004,-0.019,-0.004,1.000),
        ['Left Hip'] = CFrame.new(-0.506,0.897,0.008,0.968,0.252,0.019,-0.252,0.968,-0.004,-0.019,-0.001,1.000),
        ['RootJoint'] = CFrame.new(-0.038,-0.078,-0.068,1.000,0.019,-0.004,-0.019,0.974,-0.225,-0.001,0.225,0.974),
    }},
    [46] = {T = 2.7499985694885254, P = {
        ['Left Shoulder'] = CFrame.new(0.458,-0.029,-0.169,0.927,-0.047,0.372,-0.102,0.923,0.370,-0.360,-0.381,0.851),
        ['Right Shoulder'] = CFrame.new(-0.720,-0.068,-0.173,0.877,0.069,-0.475,0.051,0.971,0.235,0.477,-0.230,0.848),
        ['Neck'] = CFrame.new(0.000,-0.000,0.017,0.847,-0.516,-0.125,0.527,0.846,0.081,0.063,-0.135,0.989),
        ['Right Hip'] = CFrame.new(0.597,0.255,-0.018,0.999,0.032,0.023,-0.032,0.999,0.005,-0.023,-0.005,1.000),
        ['Left Hip'] = CFrame.new(-0.559,0.909,0.012,0.985,0.174,0.023,-0.174,0.985,-0.005,-0.024,0.000,1.000),
        ['RootJoint'] = CFrame.new(-0.038,-0.063,-0.063,1.000,0.023,-0.005,-0.023,0.975,-0.221,-0.001,0.221,0.975),
    }},
    [47] = {T = 2.76666522026062, P = {
        ['Left Shoulder'] = CFrame.new(0.394,-0.009,-0.166,0.866,-0.195,0.460,-0.029,0.899,0.437,-0.499,-0.392,0.773),
        ['Right Shoulder'] = CFrame.new(-0.678,-0.038,-0.171,0.816,0.172,-0.552,-0.031,0.966,0.256,0.577,-0.192,0.794),
        ['Neck'] = CFrame.new(0.000,-0.000,0.017,0.839,-0.529,-0.130,0.541,0.837,0.081,0.066,-0.138,0.988),
        ['Right Hip'] = CFrame.new(0.665,0.322,-0.023,0.998,0.055,0.027,-0.055,0.998,0.006,-0.027,-0.007,1.000),
        ['Left Hip'] = CFrame.new(-0.633,0.895,0.017,0.997,0.077,0.027,-0.077,0.997,-0.005,-0.027,0.003,1.000),
        ['RootJoint'] = CFrame.new(-0.039,-0.053,-0.063,1.000,0.027,-0.005,-0.028,0.976,-0.218,-0.001,0.218,0.976),
    }},
    [48] = {T = 2.783331871032715, P = {
        ['Left Shoulder'] = CFrame.new(0.321,-0.001,-0.162,0.789,-0.322,0.523,0.020,0.864,0.503,-0.614,-0.386,0.688),
        ['Right Shoulder'] = CFrame.new(-0.624,-0.014,-0.169,0.745,0.263,-0.612,-0.103,0.953,0.285,0.659,-0.149,0.737),
        ['Neck'] = CFrame.new(0.000,0.000,0.017,0.833,-0.537,-0.133,0.549,0.832,0.078,0.069,-0.138,0.988),
        ['Right Hip'] = CFrame.new(0.718,0.385,-0.027,0.997,0.075,0.031,-0.075,0.997,0.006,-0.030,-0.008,1.000),
        ['Left Hip'] = CFrame.new(-0.718,0.844,0.022,0.999,-0.028,0.031,0.028,1.000,-0.006,-0.030,0.007,1.000),
        ['RootJoint'] = CFrame.new(-0.039,-0.051,-0.066,1.000,0.031,-0.006,-0.031,0.977,-0.213,-0.001,0.213,0.977),
    }},
    [49] = {T = 2.7999985218048096, P = {
        ['Left Shoulder'] = CFrame.new(0.247,-0.003,-0.157,0.712,-0.421,0.562,0.046,0.827,0.560,-0.700,-0.373,0.609),
        ['Right Shoulder'] = CFrame.new(-0.564,0.002,-0.165,0.675,0.341,-0.654,-0.163,0.934,0.318,0.720,-0.108,0.686),
        ['Neck'] = CFrame.new(0.000,0.000,0.017,0.830,-0.542,-0.134,0.553,0.830,0.073,0.072,-0.135,0.988),
        ['Right Hip'] = CFrame.new(0.758,0.439,-0.031,0.995,0.093,0.034,-0.094,0.996,0.007,-0.033,-0.010,0.999),
        ['Left Hip'] = CFrame.new(-0.798,0.754,0.027,0.992,-0.125,0.034,0.125,0.992,-0.006,-0.033,0.010,0.999),
        ['RootJoint'] = CFrame.new(-0.040,-0.059,-0.071,0.999,0.034,-0.006,-0.034,0.978,-0.208,-0.001,0.208,0.978),
    }},
    [50] = {T = 2.8166651725769043, P = {
        ['Left Shoulder'] = CFrame.new(0.179,-0.015,-0.151,0.653,-0.487,0.581,0.056,0.795,0.604,-0.756,-0.362,0.546),
        ['Right Shoulder'] = CFrame.new(-0.502,0.008,-0.162,0.614,0.407,-0.676,-0.213,0.910,0.355,0.760,-0.074,0.646),
        ['Neck'] = CFrame.new(0.000,0.000,0.017,0.829,-0.543,-0.134,0.554,0.830,0.066,0.076,-0.129,0.989),
        ['Right Hip'] = CFrame.new(0.784,0.485,-0.035,0.994,0.105,0.036,-0.105,0.994,0.007,-0.035,-0.011,0.999),
        ['Left Hip'] = CFrame.new(-0.851,0.639,0.030,0.979,-0.201,0.036,0.201,0.980,-0.007,-0.034,0.014,0.999),
        ['RootJoint'] = CFrame.new(-0.040,-0.073,-0.077,0.999,0.036,-0.007,-0.037,0.979,-0.203,-0.001,0.203,0.979),
    }},
    [51] = {T = 2.833331823348999, P = {
        ['Left Shoulder'] = CFrame.new(0.123,-0.037,-0.144,0.621,-0.521,0.585,0.054,0.774,0.631,-0.782,-0.361,0.509),
        ['Right Shoulder'] = CFrame.new(-0.442,0.002,-0.158,0.572,0.463,-0.677,-0.251,0.885,0.392,0.781,-0.054,0.622),
        ['Neck'] = CFrame.new(0.000,0.000,0.017,0.831,-0.540,-0.133,0.551,0.832,0.059,0.079,-0.122,0.989),
        ['Right Hip'] = CFrame.new(0.795,0.526,-0.037,0.994,0.102,0.038,-0.102,0.995,0.007,-0.037,-0.011,0.999),
        ['Left Hip'] = CFrame.new(-0.866,0.521,0.032,0.968,-0.247,0.038,0.248,0.969,-0.007,-0.035,0.016,0.999),
        ['RootJoint'] = CFrame.new(-0.040,-0.090,-0.086,0.999,0.038,-0.007,-0.039,0.979,-0.199,-0.001,0.199,0.980),
    }},
    [52] = {T = 2.8499984741210938, P = {
        ['Left Shoulder'] = CFrame.new(0.087,-0.067,-0.138,0.628,-0.519,0.580,0.043,0.767,0.640,-0.777,-0.377,0.504),
        ['Right Shoulder'] = CFrame.new(-0.390,-0.018,-0.155,0.555,0.510,-0.657,-0.281,0.858,0.430,0.783,-0.054,0.620),
        ['Neck'] = CFrame.new(0.000,0.000,0.017,0.834,-0.535,-0.131,0.545,0.837,0.054,0.080,-0.116,0.990),
        ['Right Hip'] = CFrame.new(0.786,0.567,-0.038,0.996,0.075,0.039,-0.075,0.997,0.008,-0.038,-0.011,0.999),
        ['Left Hip'] = CFrame.new(-0.843,0.417,0.031,0.964,-0.262,0.039,0.263,0.965,-0.007,-0.036,0.017,0.999),
        ['RootJoint'] = CFrame.new(-0.041,-0.104,-0.099,0.999,0.039,-0.007,-0.040,0.979,-0.199,-0.001,0.199,0.980),
    }},
    [53] = {T = 2.8666651248931885, P = {
        ['Left Shoulder'] = CFrame.new(0.077,-0.106,-0.132,0.677,-0.475,0.563,0.025,0.778,0.628,-0.736,-0.411,0.538),
        ['Right Shoulder'] = CFrame.new(-0.348,-0.054,-0.153,0.569,0.550,-0.612,-0.303,0.832,0.465,0.765,-0.079,0.640),
        ['Neck'] = CFrame.new(0.000,0.000,0.017,0.840,-0.528,-0.128,0.537,0.842,0.053,0.080,-0.113,0.990),
        ['Right Hip'] = CFrame.new(0.750,0.606,-0.037,0.999,0.014,0.039,-0.015,1.000,0.008,-0.039,-0.008,0.999),
        ['Left Hip'] = CFrame.new(-0.792,0.336,0.029,0.968,-0.246,0.039,0.247,0.969,-0.007,-0.036,0.017,0.999),
        ['RootJoint'] = CFrame.new(-0.041,-0.111,-0.117,0.999,0.039,-0.007,-0.040,0.979,-0.202,-0.001,0.202,0.979),
    }},
    [54] = {T = 2.883331775665283, P = {
        ['Left Shoulder'] = CFrame.new(0.099,-0.153,-0.126,0.762,-0.381,0.523,-0.005,0.805,0.594,-0.647,-0.455,0.611),
        ['Right Shoulder'] = CFrame.new(-0.321,-0.106,-0.151,0.613,0.577,-0.540,-0.321,0.806,0.497,0.722,-0.131,0.679),
        ['Neck'] = CFrame.new(0.000,0.000,0.017,0.847,-0.518,-0.124,0.527,0.848,0.055,0.077,-0.112,0.991),
        ['Right Hip'] = CFrame.new(0.683,0.633,-0.034,0.996,-0.085,0.038,0.085,0.996,0.008,-0.039,-0.005,0.999),
        ['Left Hip'] = CFrame.new(-0.722,0.280,0.025,0.978,-0.204,0.038,0.205,0.979,-0.007,-0.036,0.015,0.999),
        ['RootJoint'] = CFrame.new(-0.041,-0.107,-0.139,0.999,0.038,-0.007,-0.039,0.977,-0.211,-0.001,0.211,0.977),
    }},
    [55] = {T = 2.899998426437378, P = {
        ['Left Shoulder'] = CFrame.new(0.143,-0.203,-0.119,0.857,-0.244,0.454,-0.051,0.836,0.546,-0.513,-0.491,0.704),
